# XAS / LUCIA / SOLEIL : 
# Date : mer. 26 mai 2021
#
# TARGET : Hedenbergite_pt2
# Total number of scan(s) : 1
# Scan N° : 1
# Coordinates : 
#               Horizontal : 650
#               Vertical : 576.4
#               Depth : 14031.5
#               Rotation : 4.996
# ROI window : 
#               ROI_inf : 1295
#               ROI_sup : 1365
#
# Start of this scan : 00:03:29
# End of this scan : 00:29:21
#
# I0 current at start (µA) : 0
# USER COMMENTS : 
# 
# EXPERIMENTAL CONFIGURATION : 
# Undulator Harmonic : 21       Offset : nan
# Undulator Polarization : 0
# Low pass filter angle (°) : 0.319734         translation (µm) : -147.5
# Monochromator Crystal : 3: Si311
#
# SCAN : 
# Range		From(eV)	To(eV)		Step(eV)	Time(sec)
## 1		7070		7105		2		1
## 2		7105.05		7121		0.05		1
## 3		7121.3		7160		0.3		1
## 4		7161		7250		1		1
#
# Energy	Io		FY		DeadTime		FY_c		TEY		It		Ctr4
7069.99		13424		51		0.380512		51.1948		43		0		0
7072		13326		61		0.419104		61.2567		37		0		0
7074		13269		39		0.211776		39.0828		46		0		0
7076		13232		53		0.411744		53.2191		50		0		0
7078		13210		55		0.21184		55.1168		49		0		0
7080		13204		60		0.33024		60.1988		55		0		0
7082		13189		69		0.412288		69.2857		33		0		0
7084.01		13176		65		0.290464		65.1894		44		0		0
7086		13174		70		0.550592		70.3875		30		0		0
7088		13129		75		0.374144		75.2817		44		0		0
7090		13107		81		0.295712		81.2402		42		0		0
7092		13103		90		0.38048		90.3437		33		0		0
7094		13068		99		0.248768		99.2469		33		0		0
7096		13039		96		0.350784		96.3379		23		0		0
7098		13004		114		0.650016		114.746		33		0		0
7100		12982		106		0.413248		106.44		31		0		0
7102		12974		157		0.304544		157.48		35		0		0
7104		12934		153		0.340544		153.523		25		0		0
7105.05		12920		162		0.50208		162.817		30		0		0
7105.1		12928		158		0.334336		158.53		39		0		0
7105.15		12930		149		0.454592		149.68		32		0		0
7105.2		12922		166		0.383872		166.64		42		0		0
7105.25		12920		149		0.383008		149.573		33		0		0
7105.3		12920		170		0.421216		170.719		26		0		0
7105.35		12913		185		0.333216		185.619		33		0		0
7105.4		12906		174		0.422784		174.739		36		0		0
7105.45		12901		185		0.343808		185.638		38		0		0
7105.51		12897		162		0.330464		162.537		38		0		0
7105.56		12908		164		0.43248		164.712		43		0		0
7105.6		12901		155		0.384448		155.598		43		0		0
7105.65		12891		176		0.307456		176.543		40		0		0
7105.71		12885		190		0.37264		190.711		38		0		0
7105.75		12885		176		0.262112		176.463		33		0		0
7105.8		12881		159		0.594752		159.951		22		0		0
7105.85		12880		142		0.513248		142.733		28		0		0
7105.9		12882		165		0.341408		165.565		36		0		0
7105.95		12887		163		0.304736		163.498		27		0		0
7106		12883		192		0.33376		192.643		30		0		0
7106.05		12880		160		0.494144		160.795		29		0		0
7106.09		12871		175		0.2608		175.458		52		0		0
7106.14		12870		182		0.302048		182.551		19		0		0
7106.2		12878		159		0.237952		159.379		38		0		0
7106.25		12867		158		0.378272		158.6		42		0		0
7106.3		12846		163		0.297184		163.486		40		0		0
7106.35		12840		168		0.309312		168.521		40		0		0
7106.4		12848		163		0.329888		163.539		41		0		0
7106.45		12837		164		0.346784		164.571		26		0		0
7106.5		12835		168		0.392128		168.661		47		0		0
7106.55		12849		161		0.334656		161.541		31		0		0
7106.6		12842		184		0.413152		184.763		34		0		0
7106.65		12833		178		0.374336		178.669		31		0		0
7106.7		12837		217		0.303136		217.66		18		0		0
7106.75		12836		183		0.2648		183.486		20		0		0
7106.8		12831		167		0.460032		167.772		31		0		0
7106.85		12824		193		0.385184		193.746		28		0		0
7106.9		12827		177		0.338016		177.6		39		0		0
7106.95		12829		200		0.458496		200.921		42		0		0
7107		12827		182		0.294464		182.538		39		0		0
7107.05		12820		161		0.506976		161.82		38		0		0
7107.1		12822		165		0.426688		165.707		36		0		0
7107.15		12822		178		0.468416		178.838		45		0		0
7107.2		12821		182		0.424896		182.777		31		0		0
7107.25		12814		207		0.460704		207.958		37		0		0
7107.3		12813		179		0.396704		179.713		23		0		0
7107.35		12812		180		0.42464		180.768		35		0		0
7107.4		12807		178		0.41024		178.733		17		0		0
7107.45		12809		195		0.541056		196.061		20		0		0
7107.51		12801		188		0.374272		188.706		41		0		0
7107.55		12809		178		0.382944		178.684		33		0		0
7107.61		12788		200		0.446464		200.897		35		0		0
7107.65		12809		182		0.456192		182.834		45		0		0
7107.7		12804		196		0.40528		196.798		33		0		0
7107.75		12805		175		0.38784		175.681		39		0		0
7107.8		12812		173		0.423488		173.736		32		0		0
7107.85		12808		198		0.216		198.429		26		0		0
7107.9		12802		195		0.374208		195.732		34		0		0
7107.95		12802		199		0.516224		200.033		42		0		0
7108		12802		208		0.468704		208.979		46		0		0
7108.05		12798		214		0.34848		214.748		45		0		0
7108.09		12799		209		0.47536		209.998		34		0		0
7108.14		12789		202		0.41488		202.842		16		0		0
7108.2		12796		191		0.456992		191.877		35		0		0
7108.25		12790		197		0.23552		197.465		39		0		0
7108.29		12786		222		0.77824		223.741		43		0		0
7108.35		12771		192		0.253312		192.488		33		0		0
7108.4		12775		216		0.414912		216.9		44		0		0
7108.45		12776		227		0.526784		228.202		16		0		0
7108.5		12759		231		0.472928		232.098		44		0		0
7108.55		12761		207		0.700864		208.461		20		0		0
7108.6		12764		202		0.265344		202.537		32		0		0
7108.65		12754		213		0.618688		214.326		43		0		0
7108.7		12754		214		0.639104		215.376		42		0		0
7108.75		12744		200		0.500032		201.005		29		0		0
7108.8		12740		209		0.33664		209.706		57		0		0
7108.85		12732		222		0.61408		223.372		52		0		0
7108.9		12733		226		0.42048		226.954		44		0		0
7108.95		12731		253		0.307712		253.781		38		0		0
7109		12727		213		0.30992		213.662		32		0		0
7109.05		12719		224		0.349184		224.785		47		0		0
7109.1		12712		217		0.37536		217.818		26		0		0
7109.15		12711		236		0.266176		236.63		53		0		0
7109.2		12713		223		0.377344		223.845		31		0		0
7109.25		12724		233		0.37552		233.878		45		0		0
7109.3		12715		201		0.348416		201.703		43		0		0
7109.35		12709		241		0.44704		242.082		45		0		0
7109.4		12715		222		0.425376		222.948		28		0		0
7109.46		12713		206		0.412384		206.853		35		0		0
7109.5		12704		215		0.46192		215.998		28		0		0
7109.55		12709		236		0.543392		237.289		36		0		0
7109.61		12698		244		0.377088		244.924		17		0		0
7109.65		12698		232		0.484704		233.13		40		0		0
7109.7		12701		261		0.304992		261.798		41		0		0
7109.75		12703		230		0.528608		231.222		42		0		0
7109.8		12683		265		0.464256		266.236		33		0		0
7109.85		12688		242		0.4608		243.12		48		0		0
7109.9		12692		238		0.4472		239.069		22		0		0
7109.95		12686		257		0.372992		257.962		51		0		0
7110		12688		263		0.355424		263.938		46		0		0
7110.04		12695		240		0.437664		241.055		36		0		0
7110.1		12702		251		0.457408		252.153		30		0		0
7110.15		12698		233		0.44896		234.051		21		0		0
7110.2		12696		291		0.307488		291.898		53		0		0
7110.25		12699		275		0.352672		275.973		43		0		0
7110.3		12694		278		0.42272		279.18		34		0		0
7110.35		12692		256		0.39216		257.008		33		0		0
7110.4		12690		282		0.317664		282.899		34		0		0
7110.45		12690		268		0.33744		268.907		31		0		0
7110.5		12678		291		0.340512		291.994		36		0		0
7110.55		12678		275		0.304384		275.84		35		0		0
7110.6		12678		272		0.28016		272.764		63		0		0
7110.65		12695		280		0.271456		280.762		50		0		0
7110.7		12685		285		0.276192		285.789		46		0		0
7110.75		12683		277		0.39648		278.103		38		0		0
7110.8		12671		292		0.42736		293.253		59		0		0
7110.85		12679		273		0.37472		274.027		29		0		0
7110.9		12685		300		0.234816		300.706		25		0		0
7110.95		12680		279		0.258016		279.722		34		0		0
7111		12668		305		0.433312		306.327		26		0		0
7111.05		12673		309		0.316128		309.98		46		0		0
7111.1		12671		318		0.541408		319.731		40		0		0
7111.15		12659		323		0.575872		324.871		52		0		0
7111.2		12671		321		0.459968		322.483		12		0		0
7111.25		12658		336		0.453312		337.53		46		0		0
7111.3		12660		309		0.529216		310.644		39		0		0
7111.35		12668		356		0.34336		357.227		37		0		0
7111.4		12662		338		0.3832		339.3		31		0		0
7111.46		12655		345		0.45648		346.582		23		0		0
7111.5		12654		351		0.420608		352.483		34		0		0
7111.56		12647		363		0.436		364.59		18		0		0
7111.6		12650		383		0.386752		384.487		36		0		0
7111.65		12658		346		0.504192		347.753		32		0		0
7111.7		12650		414		0.490976		416.043		30		0		0
7111.75		12630		392		0.500768		393.973		37		0		0
7111.8		12648		375		0.683616		377.581		49		0		0
7111.85		12634		388		0.462752		389.804		52		0		0
7111.9		12631		402		0.334208		403.348		26		0		0
7111.95		12634		358		0.369088		359.326		21		0		0
7112		12640		398		0.39888		399.594		32		0		0
7112.05		12638		391		0.299616		392.175		32		0		0
7112.09		12636		439		0.379648		440.673		43		0		0
7112.15		12626		425		0.24544		426.046		38		0		0
7112.2		12637		410		0.411712		411.695		44		0		0
7112.25		12632		440		0.328064		441.448		38		0		0
7112.3		12630		420		0.326016		421.374		34		0		0
7112.35		12637		451		0.477632		453.164		27		0		0
7112.4		12622		482		0.368288		483.782		45		0		0
7112.45		12620		457		0.261376		458.198		35		0		0
7112.5		12623		475		0.594976		477.843		33		0		0
7112.55		12623		522		0.592416		525.111		41		0		0
7112.6		12622		479		0.436256		481.099		21		0		0
7112.65		12627		485		0.508864		487.481		33		0		0
7112.7		12626		524		0.325504		525.711		39		0		0
7112.75		12617		557		0.297152		558.66		40		0		0
7112.8		12617		558		0.660448		561.71		44		0		0
7112.85		12626		527		0.535008		529.835		30		0		0
7112.9		12634		564		0.386528		566.188		36		0		0
7112.95		12628		563		0.593312		566.36		51		0		0
7113		12629		585		0.59648		588.51		41		0		0
7113.05		12636		579		0.284896		580.654		47		0		0
7113.1		12631		620		0.45936		622.861		29		0		0
7113.15		12618		584		0.391232		586.294		45		0		0
7113.2		12616		618		0.28672		619.777		34		0		0
7113.25		12628		614		0.355328		616.189		34		0		0
7113.3		12626		640		0.470208		643.024		32		0		0
7113.35		12630		688		0.430112		690.972		47		0		0
7113.41		12637		672		0.458176		675.093		31		0		0
7113.45		12633		633		0.587456		636.741		59		0		0
7113.5		12624		669		0.527264		672.546		72		0		0
7113.56		12612		637		0.470464		640.011		22		0		0
7113.6		12613		668		0.37952		670.545		33		0		0
7113.65		12611		631		0.418368		633.651		30		0		0
7113.7		12609		636		0.59888		639.832		26		0		0
7113.75		12619		668		0.439424		670.948		34		0		0
7113.8		12604		688		0.406592		690.809		39		0		0
7113.85		12609		700		0.380544		702.674		44		0		0
7113.9		12605		689		0.472512		692.271		41		0		0
7113.95		12599		689		0.565152		692.916		41		0		0
7114		12601		689		0.622816		693.318		31		0		0
7114.04		12609		693		0.439424		696.059		31		0		0
7114.1		12604		712		0.441472		715.157		32		0		0
7114.15		12610		642		0.474272		645.059		47		0		0
7114.2		12612		668		0.772992		673.204		45		0		0
7114.25		12610		647		0.707488		651.61		34		0		0
7114.3		12600		714		0.452		717.242		40		0		0
7114.35		12594		710		0.615296		714.396		42		0		0
7114.4		12605		725		0.596512		729.351		41		0		0
7114.45		12598		702		0.505632		705.568		45		0		0
7114.5		12595		755		0.347488		757.633		55		0		0
7114.55		12595		739		0.527776		742.921		31		0		0
7114.6		12594		760		0.523424		763.999		33		0		0
7114.65		12606		801		0.381408		804.067		38		0		0
7114.7		12602		772		0.575584		776.469		38		0		0
7114.75		12604		805		0.416064		808.363		41		0		0
7114.8		12603		791		0.510368		795.058		26		0		0
7114.85		12600		767		0.42656		770.286		33		0		0
7114.9		12600		784		0.447328		787.523		42		0		0
7114.95		12575		782		0.560352		786.407		41		0		0
7115		12580		845		0.393504		848.338		39		0		0
7115.05		12587		821		0.468896		824.868		32		0		0
7115.1		12595		788		0.572256		792.535		34		0		0
7115.15		12584		755		0.428576		758.25		38		0		0
7115.2		12584		756		0.628608		760.782		25		0		0
7115.25		12586		848		0.505408		852.308		34		0		0
7115.3		12568		779		0.555808		783.354		48		0		0
7115.35		12588		752		0.481024		755.635		46		0		0
7115.4		12595		806		0.426176		809.45		22		0		0
7115.46		12573		759		0.475872		762.629		26		0		0
7115.5		12571		764		0.446496		767.427		21		0		0
7115.55		12577		739		0.387552		741.875		34		0		0
7115.6		12582		749		0.53744		753.047		29		0		0
7115.65		12583		728		0.712864		733.227		29		0		0
7115.7		12589		701		0.585696		705.13		33		0		0
7115.75		12588		651		0.600736		654.934		26		0		0
7115.8		12573		721		0.337024		723.438		31		0		0
7115.85		12581		712		0.48384		715.462		43		0		0
7115.9		12586		696		0.474368		699.317		28		0		0
7115.95		12574		727		0.537664		730.93		43		0		0
7116		12584		654		0.477952		657.141		39		0		0
7116.05		12589		654		0.567936		657.736		46		0		0
7116.1		12580		666		0.496224		669.321		31		0		0
7116.14		12575		664		0.531616		667.549		29		0		0
7116.2		12586		689		0.659936		693.577		34		0		0
7116.25		12596		680		0.59152		684.046		41		0		0
7116.3		12563		667		0.599744		671.024		35		0		0
7116.35		12587		670		0.519264		673.497		51		0		0
7116.4		12584		691		0.480384		694.335		37		0		0
7116.45		12574		646		0.703968		650.58		25		0		0
7116.5		12568		674		0.584768		677.965		28		0		0
7116.55		12574		714		0.454912		717.263		27		0		0
7116.6		12573		667		0.481056		670.224		28		0		0
7116.65		12588		675		0.30592		677.071		35		0		0
7116.7		12593		715		0.47792		718.434		27		0		0
7116.75		12589		728		0.587904		732.305		42		0		0
7116.8		12583		692		0.572704		695.986		38		0		0
7116.85		12587		692		0.3552		694.467		37		0		0
7116.9		12581		727		0.663936		731.859		44		0		0
7116.95		12575		749		0.522272		752.932		42		0		0
7117		12578		741		0.58304		745.346		40		0		0
7117.05		12574		729		0.5912		733.335		39		0		0
7117.1		12584		785		0.538912		789.253		31		0		0
7117.15		12577		751		0.449344		754.39		28		0		0
7117.2		12580		731		0.476416		734.499		42		0		0
7117.25		12578		734		0.640096		738.729		34		0		0
7117.3		12588		743		0.516992		746.861		47		0		0
7117.36		12593		764		0.383392		766.94		36		0		0
7117.4		12582		796		0.656448		801.26		49		0		0
7117.45		12577		757		0.42368		760.221		23		0		0
7117.51		12569		800		0.406976		803.269		40		0		0
7117.55		12578		796		0.612128		800.903		46		0		0
7117.6		12586		848		0.558208		852.76		51		0		0
7117.65		12574		934		0.47952		938.5		41		0		0
7117.7		12578		857		0.466784		861.019		36		0		0
7117.75		12563		860		0.56768		864.91		55		0		0
7117.8		12567		905		0.608736		910.543		54		0		0
7117.85		12570		937		0.656224		943.189		37		0		0
7117.9		12572		930		0.50592		934.729		48		0		0
7117.95		12577		936		0.433856		940.079		38		0		0
7118		12569		976		0.701088		982.891		41		0		0
7118.05		12567		1016		0.481856		1020.92		33		0		0
7118.1		12570		1003		0.489696		1007.94		33		0		0
7118.15		12568		1047		0.52944		1052.57		40		0		0
7118.2		12571		1076		0.741312		1084.04		38		0		0
7118.25		12566		1126		0.730912		1134.29		39		0		0
7118.3		12554		1124		0.683744		1131.74		37		0		0
7118.35		12545		1126		0.575744		1132.52		41		0		0
7118.4		12539		1210		0.623488		1217.59		32		0		0
7118.45		12547		1161		0.743072		1169.69		27		0		0
7118.5		12540		1243		0.54672		1249.83		37		0		0
7118.55		12554		1165		0.635104		1172.45		43		0		0
7118.6		12567		1313		0.672416		1321.89		32		0		0
7118.65		12554		1282		0.510368		1288.58		33		0		0
7118.7		12555		1326		0.646048		1334.62		26		0		0
7118.75		12559		1440		0.792		1451.5		31		0		0
7118.8		12548		1448		0.704096		1458.27		20		0		0
7118.85		12553		1444		0.607232		1452.82		30		0		0
7118.9		12557		1534		0.862912		1547.35		36		0		0
7118.95		12555		1499		0.593696		1507.95		42		0		0
7119		12558		1557		0.572768		1565.97		38		0		0
7119.05		12560		1605		0.812352		1618.15		30		0		0
7119.1		12555		1689		0.66448		1700.3		39		0		0
7119.15		12564		1659		0.749536		1671.53		45		0		0
7119.2		12550		1740		0.692768		1752.14		36		0		0
7119.25		12546		1751		0.66832		1762.78		41		0		0
7119.3		12553		1773		0.894752		1789.01		37		0		0
7119.36		12547		1928		0.64		1940.42		27		0		0
7119.4		12540		1904		0.787744		1919.12		28		0		0
7119.46		12538		1982		0.583648		1993.64		29		0		0
7119.5		12530		2032		0.62784		2044.84		60		0		0
7119.56		12531		2033		0.655968		2046.42		38		0		0
7119.6		12524		2061		0.865056		2078.98		37		0		0
7119.65		12526		2132		0.748768		2148.08		34		0		0
7119.7		12531		2219		0.764512		2236.1		26		0		0
7119.75		12535		2249		0.913312		2269.73		28		0		0
7119.8		12527		2180		0.978176		2201.53		35		0		0
7119.85		12521		2228		1.02477		2251.07		34		0		0
7119.9		12525		2384		0.879264		2405.15		35		0		0
7119.94		12521		2453		1.03232		2478.59		33		0		0
7120		12522		2449		0.815392		2469.13		29		0		0
7120.04		12521		2629		0.802624		2650.27		35		0		0
7120.1		12517		2708		0.849696		2731.21		40		0		0
7120.15		12513		2650		0.860704		2673.01		26		0		0
7120.2		12512		2795		1.01098		2823.55		38		0		0
7120.25		12502		2913		0.876864		2938.77		47		0		0
7120.3		12509		2948		1.01616		2978.26		32		0		0
7120.35		12498		2966		0.882016		2992.39		38		0		0
7120.4		12496		3046		1.06227		3078.7		44		0		0
7120.45		12495		3242		0.994176		3274.55		7		0		0
7120.5		12496		3338		0.99008		3371.38		34		0		0
7120.55		12497		3363		1.14074		3401.81		37		0		0
7120.6		12514		3573		1.08752		3612.28		34		0		0
7120.65		12509		3674		1.19757		3718.53		35		0		0
7120.7		12494		3632		1.20387		3676.26		36		0		0
7120.75		12490		3752		1.06192		3792.27		37		0		0
7120.8		12499		3917		1.16864		3963.32		34		0		0
7120.85		12494		4060		1.03738		4102.56		41		0		0
7120.9		12494		4262		1.27059		4316.85		24		0		0
7120.95		12515		4328		1.25363		4382.95		28		0		0
7121.31		12500		5102		1.35619		5172.14		27		0		0
7121.61		12483		5679		1.724		5778.62		42		0		0
7121.89		12483		5966		1.73222		6071.17		29		0		0
7122.2		12465		6224		1.66054		6329.1		40		0		0
7122.5		12467		6734		1.59098		6842.87		43		0		0
7122.79		12452		6980		1.81085		7108.73		28		0		0
7123.1		12444		7475		1.82774		7614.17		39		0		0
7123.4		12444		7891		2.06698		8057.55		43		0		0
7123.7		12437		8443		2.20669		8633.51		37		0		0
7124		12426		9128		2.29299		9342.22		39		0		0
7124.3		12415		9925		2.39059		10168.1		52		0		0
7124.6		12414		10450		2.62605		10731.8		37		0		0
7124.89		12433		11378		2.62477		11684.7		23		0		0
7125.21		12099		11508		2.7495		11833.4		30		0		0
7125.5		12172		12007		2.88938		12364.2		48		0		0
7125.8		12310		12556		2.89146		12929.9		41		0		0
7126.1		12330		13066		2.96534		13465.3		27		0		0
7126.4		12312		13344		3.21757		13787.6		35		0		0
7126.7		12306		13903		3.25616		14370.9		29		0		0
7126.99		12305		14318		3.33715		14812.3		35		0		0
7127.3		12298		14498		3.37661		15004.6		26		0		0
7127.6		12294		14954		3.56512		15506.8		48		0		0
7127.9		12277		15028		3.59219		15587.9		28		0		0
7128.2		12275		15368		3.60646		15943		14		0		0
7128.5		12246		15968		3.75667		16591.3		44		0		0
7128.79		12235		16401		3.71894		17034.5		46		0		0
7129.1		12225		16928		3.86077		17607.8		34		0		0
7129.41		12228		17316		3.96442		18030.8		46		0		0
7129.7		12222		18040		4.18275		18827.5		43		0		0
7130		12217		18456		4.33341		19292		39		0		0
7130.3		12218		18958		4.40685		19832		35		0		0
7130.6		12216		19264		4.33562		20137.1		37		0		0
7130.89		12213		19373		4.42054		20269		41		0		0
7131.21		12206		19472		4.59901		20410.7		31		0		0
7131.51		12203		19138		4.70976		20083.9		31		0		0
7131.79		12208		19396		4.55578		20321.8		44		0		0
7132.1		12201		18851		4.73114		19787.2		38		0		0
7132.4		12200		19075		4.40538		19954.1		38		0		0
7132.69		12205		18760		4.23456		19589.5		50		0		0
7133		12193		18702		4.39827		19562.4		38		0		0
7133.3		12186		18282		4.54925		19153.3		40		0		0
7133.6		12183		18359		4.37837		19199.6		51		0		0
7133.9		12186		17943		4.29248		18747.7		43		0		0
7134.2		12194		17419		4.12173		18167.8		35		0		0
7134.5		12188		17414		4.16976		18171.7		38		0		0
7134.79		12197		16988		4.10029		17714.3		38		0		0
7135.1		12196		16755		3.89462		17434		36		0		0
7135.4		12200		16466		3.7865		17114		37		0		0
7135.7		12194		16054		3.63293		16659.2		31		0		0
7136		12194		15576		3.61398		16160		41		0		0
7136.29		12198		15535		3.56429		16109.2		28		0		0
7136.6		12192		15245		3.70902		15832.2		42		0		0
7136.89		12165		14654		3.44467		15176.8		39		0		0
7137.22		12027		14455		3.13347		14922.6		40		0		0
7137.5		12021		14031		3.17178		14490.6		42		0		0
7137.8		12191		14455		3.35907		14957.4		39		0		0
7138.1		12197		14080		3.40387		14576.2		40		0		0
7138.4		12206		14053		3.44134		14553.8		30		0		0
7138.69		12200		13840		3.29645		14311.8		37		0		0
7139		12200		13760		3.4247		14248		38		0		0
7139.3		12192		13851		3.14541		14300.8		46		0		0
7139.6		12197		13432		3.32579		13894.1		40		0		0
7139.9		12185		13413		3.27459		13867.1		35		0		0
7140.2		12188		13460		3.2199		13907.8		50		0		0
7140.5		12200		13647		3.09792		14083.3		36		0		0
7140.79		12199		13557		3.19632		14004.6		30		0		0
7141.11		12195		13561		3.2336		14014.2		26		0		0
7141.4		12193		13580		3.03098		14004.5		35		0		0
7141.7		12180		13783		3.15213		14231.6		35		0		0
7142		12195		13744		3.25405		14206.3		47		0		0
7142.3		12190		13746		3.28784		14213.3		28		0		0
7142.6		12191		13794		3.28131		14262		37		0		0
7142.89		12177		13669		3.31936		14138.3		37		0		0
7143.2		12184		13815		3.14362		14263.4		41		0		0
7143.5		12141		13456		3.37389		13925.8		35		0		0
7143.8		11988		13335		3.10144		13761.8		48		0		0
7144.1		12146		13601		3.20813		14051.8		30		0		0
7144.4		12177		13492		3.32051		13955.4		42		0		0
7144.69		12184		13501		3.06986		13928.6		39		0		0
7145		12194		13293		3.3304		13751		48		0		0
7145.31		12202		13080		3.00669		13485.5		32		0		0
7145.6		12179		13316		3.16224		13750.8		27		0		0
7145.9		12174		13234		2.99494		13642.6		51		0		0
7146.2		12171		13068		3.06736		13481.5		39		0		0
7146.5		12184		13019		3.20778		13450.5		35		0		0
7146.79		12180		12757		2.94618		13144.3		46		0		0
7147.11		12179		12813		3.0255		13212.8		41		0		0
7147.4		12174		12488		2.94128		12866.4		45		0		0
7147.7		12163		12344		2.80134		12699.8		18		0		0
7148		12174		12283		2.96739		12658.6		39		0		0
7148.3		12183		12193		2.95024		12563.7		43		0		0
7148.6		12183		12037		2.86614		12392.2		49		0		0
7148.89		12179		11838		2.95885		12198.9		37		0		0
7149.2		12173		11721		2.82288		12061.5		43		0		0
7149.5		12168		11409		2.70218		11725.9		57		0		0
7149.8		12160		11342		3.04477		11698.2		35		0		0
7150.1		12153		11380		2.71453		11697.5		36		0		0
7150.4		12171		11214		2.79718		11536.7		41		0		0
7150.69		12172		11005		2.73888		11314.9		31		0		0
7151		12161		11126		2.75309		11441		42		0		0
7151.3		12143		10908		2.69267		11209.8		42		0		0
7151.6		12149		10956		2.58829		11247.1		27		0		0
7151.9		12143		10875		2.67651		11174.1		38		0		0
7152.2		12132		10728		2.5999		11014.4		37		0		0
7152.5		12145		10765		2.45101		11035.5		36		0		0
7152.79		12169		10737		2.51606		11014.1		36		0		0
7153.11		12157		10603		2.50458		10875.4		42		0		0
7153.4		12168		10692		2.49258		10965.3		43		0		0
7153.7		12172		10741		2.5041		11016.9		50		0		0
7154		12173		10747		2.448		11016.7		49		0		0
7154.3		12158		10708		2.37408		10968.4		46		0		0
7154.6		12171		10660		2.63174		10948.1		42		0		0
7154.89		12168		10713		2.45501		10982.6		42		0		0
7155.2		12167		10785		2.55341		11067.6		39		0		0
7155.5		12152		10770		2.69398		11068.2		45		0		0
7155.8		12155		10535		2.62682		10819.2		45		0		0
7156.1		12172		10757		2.6895		11054.3		33		0		0
7156.4		12157		10821		2.81331		11134.2		34		0		0
7156.7		12170		10772		2.54646		11053.5		42		0		0
7157		12189		10681		2.68483		10975.7		34		0		0
7157.3		12206		10734		2.68192		11029.8		36		0		0
7157.6		12190		10834		2.73741		11138.9		40		0		0
7157.9		11808		10495		2.57306		10772.2		41		0		0
7158.2		12090		10918		2.53821		11202.3		59		0		0
7158.5		12131		10725		2.67117		11019.3		39		0		0
7158.79		12139		10737		2.55424		11018.4		48		0		0
7159.11		12147		10968		2.7288		11275.7		45		0		0
7159.4		12145		11145		2.52672		11433.9		46		0		0
7159.7		12134		11049		2.4961		11331.9		47		0		0
7161.01		12136		11128		2.66317		11432.5		39		0		0
7162.01		12131		11262		2.8472		11592		47		0		0
7163		12121		11629		2.86285		11971.7		52		0		0
7164.01		12100		11691		2.9408		12045.2		38		0		0
7165		12090		11958		2.98595		12326		34		0		0
7166.01		12108		12124		2.87472		12482.8		39		0		0
7167.01		12092		12536		2.82998		12901.1		47		0		0
7168.01		12086		12663		3.04384		13060.5		39		0		0
7169.01		12075		12815		3.0463		13217.6		36		0		0
7170.02		12068		12762		3.17078		13179.9		39		0		0
7171		12053		12752		3.08083		13157.4		41		0		0
7172		12040		12565		3.01606		12955.8		40		0		0
7173		12024		12460		3.01504		12847.4		38		0		0
7174		12028		12514		2.87587		12884.5		43		0		0
7175		12023		12419		2.96979		12799.1		31		0		0
7176		12002		12446		3.05146		12837.7		54		0		0
7177		11989		12601		2.80493		12964.6		28		0		0
7178.01		11997		12652		3.03648		13048.2		38		0		0
7179		11973		12743		3.06854		13146.4		48		0		0
7180.01		11981		12780		2.99488		13174.6		29		0		0
7181		11976		12850		3.0407		13253		44		0		0
7182.01		11979		12866		3.23123		13295.6		28		0		0
7183		11975		13134		3.03645		13545.3		28		0		0
7184		11955		12938		3.22931		13369.8		28		0		0
7185		11949		13084		3.10918		13503.9		42		0		0
7186		11948		13230		3.15504		13661		33		0		0
7187		11953		12843		2.85997		13221.1		25		0		0
7188		11942		13021		3.26682		13460.7		31		0		0
7189		11943		12891		2.99238		13288.6		45		0		0
7190		11934		13082		3.11798		13503		34		0		0
7191		11926		13146		2.93904		13544.1		29		0		0
7192.01		11908		13158		3.04566		13571.3		36		0		0
7193		11891		13046		3.31818		13493.7		40		0		0
7194		11883		12874		3.28797		13311.7		39		0		0
7195		11871		13056		3.30365		13502.1		34		0		0
7196		11865		13137		3.0529		13550.7		35		0		0
7197		11880		12863		3.0631		13269.5		40		0		0
7198		11874		12931		3.18669		13356.6		38		0		0
7199		11868		12728		3.09536		13134.6		42		0		0
7200		11851		12557		3.01158		12946.9		35		0		0
7201		11835		12551		2.99654		12938.7		39		0		0
7202		11813		12275		2.7863		12626.8		32		0		0
7203		11815		12361		2.84227		12722.6		43		0		0
7204		11798		12233		2.97075		12607.5		38		0		0
7205		11799		12060		3.12346		12448.8		44		0		0
7206		11792		11861		2.78682		12201		42		0		0
7207		11779		11860		2.7281		12192.6		37		0		0
7208		11772		11628		2.85254		11969.4		43		0		0
7209		11753		11780		2.78918		12118		38		0		0
7210		11748		11790		2.79155		12128.6		33		0		0
7211		11733		11655		2.7807		11988.4		43		0		0
7212		11717		11576		2.74038		11902.2		47		0		0
7213		11701		11704		2.7681		12037.2		48		0		0
7214.01		11694		11615		2.87021		11958.2		50		0		0
7215		11681		11718		2.88906		12066.6		34		0		0
7216		11665		11596		2.96474		11950.3		31		0		0
7217		11657		11646		2.83648		11986		44		0		0
7218		11650		11507		2.71062		11827.6		35		0		0
7219		11648		11547		2.91014		11893.1		28		0		0
7220.02		11638		11781		2.76512		12116		39		0		0
7221		11625		11583		2.79315		11915.8		51		0		0
7222.01		11622		11858		2.97459		12221.5		36		0		0
7222.99		11623		11780		2.78432		12117.4		42		0		0
7224		11612		12059		2.82592		12409.7		31		0		0
7225		11600		11561		2.65728		11876.6		18		0		0
7226		11591		11852		2.68445		12178.9		63		0		0
7227.01		11584		11798		2.57546		12109.9		43		0		0
7227.99		11593		11906		2.65568		12230.8		42		0		0
7229.01		11578		11780		2.92595		12135.1		42		0		0
7230.01		11586		11656		2.91363		12005.8		43		0		0
7231.02		11602		11563		2.67962		11881.4		25		0		0
7232		11595		11984		2.75123		12323		45		0		0
7233.01		11598		11880		2.80154		12222.4		43		0		0
7234		11601		11800		2.74522		12133.1		47		0		0
7235.01		11588		11769		2.76454		12103.6		24		0		0
7236		11562		11549		2.84563		11887.3		41		0		0
7237		11561		11650		2.89222		11997		45		0		0
7238		11554		11848		2.98493		12212.5		49		0		0
7239		11550		11829		3.02506		12198		51		0		0
7240		11533		11643		2.61395		11955.5		46		0		0
7241.01		11522		11703		2.84358		12045.5		43		0		0
7242		11513		11596		2.83789		11934.7		43		0		0
7243		11501		11797		2.82208		12139.6		46		0		0
7244		11491		11968		2.92029		12328		49		0		0
7245		11481		11768		2.72381		12097.5		34		0		0
7246		11460		12085		2.8792		12443.3		46		0		0
7247		11463		11769		2.89011		12119.3		68		0		0
7248		11451		12175		3.05328		12558.4		52		0		0
7249		11436		11923		3.02922		12295.5		52		0		0
